0.0125262 0 0 0
0.0467275 0 0 0
0.2714503 0 0 0
0.2879513 0 0 0
0.3203854 0 0 0
0.3510687 0 0 0
0.3831998 0 0 0
0.418977 0 0 0
0.4624275 0 0 0
0.4876837 0 0 0
0.517936 0 0 0
0.5537819 0 0 0
0.5856637 0 0 0
0.6214271 0 0 0
0.6876647 0 0 0
0.7900445 0 0 0
0.8221891 0 0 0
0.8497478 0 0 0
0.8858845 0 0 0
0.9543704 0 0 0
0.9878479 0 0 0
1.0175818 0 0 0
1.0899934 0 0 0
1.1213969 0 0 0
1.2216915 0 0 0
1.2855683 0 0 0
1.388978 0 0 0
1.4905515 0 0 0
1.5272788 0 0 0
1.5534623 0 0 0
1.5853998 0 0 0
1.621405 0 0 0
1.6957247 0 0 0
1.7215357 0 0 0
1.7618237 0 0 0
1.8280617 0 0 0
1.8599479 0 0 0
1.8958787 0 0 0
1.9256703 0 0 0
1.9613246 0 0 0
1.9935348 0 0 0
2.0298903 0 0 0
2.0615237 0 0 0
2.0936849 0 0 0
2.1658144 0 0 0
2.1980056 0 0 0
2.2631655 0 0 0
2.2954199 0 0 0
2.3314815 0 0 0
2.3654339 0 0 0
2.4009061 0 0 0
2.43112 0 0 0
2.4666254 0 0 0
2.5000689 0 0 0
2.5352582 0 0 0
2.5674012 0 0 0
2.6060529 0 0 0
2.6361854 0 0 0
2.6648795 0 0 0
2.7010387 0 0 0
2.7712502 0 0 0
2.8014247 0 0 0
2.835697 0 0 0
2.8677077 0 0 0
2.9030471 0 0 0
3.0094226 0 0 0
3.0364586 0 0 0
3.0708519 0 0 0
3.1071253 0 0 0
3.145654 0 0 0
3.1736473 0 0 0
3.2393658 0 0 0
3.2751205 0 0 0
3.3428249 0 0 0
3.4103493 0 0 0
3.4449306 0 0 0
3.4743634 0 0 0
3.5096875 0 0 0
3.6123596 0 0 0
3.6471488 0 0 0
3.6793826 0 0 0
3.7115865 0 0 0
3.7838041 0 0 0
3.8177502 0 0 0
3.8575198 0 0 0
3.917986 0 0 0
3.9539311 0 0 0
3.9871214 0 0 0
4.0930737 0 0 0
4.1217757 0 0 0
4.1555665 0 0 0
4.1875266 0 0 0
4.2194918 0 0 0
4.295139 0 0 0
4.3304516 0 0 0
4.3558391 0 0 0
4.3891277 0 0 0
4.4600788 0 0 0
4.4946301 0 0 0
4.5266498 0 0 0
4.5954617 0 0 0
4.6287705 0 0 0
4.6630931 0 0 0
4.6923948 0 0 0
4.7279827 0 0 0
4.7596828 0 0 0
4.7905869 0 0 0
4.823191 0 0 0
4.8547153 0 0 0
4.9245302 0 0 0
4.9549701 0 0 0
4.9865643 0 0 0
5.018752 0 0 0
5.0544655 0 0 0
5.0912959 0 0 0
5.1189795 0 0 0
5.1544461 0 0 0
5.1864264 0 0 0
5.2229557 0 0 0
5.2561038 0 0 0
5.2896556 0 0 0
5.3236637 0 0 0
5.3559896 0 0 0
5.3916 0 0 0
5.4232445 0 0 0
5.4594195 0 0 0
5.4920989 0 0 0
5.5227948 0 0 0
5.5641135 0 0 0
5.595758 0 0 0
5.6318133 0 0 0
5.6638129 0 0 0
5.6970683 0 0 0
5.7299853 0 0 0
5.7619019 0 0 0
5.7970213 0 0 0
5.82868 0 0 0
5.8619655 0 0 0
5.8933306 0 0 0
5.9249549 0 0 0
5.9585873 0 0 0
5.9905181 0 0 0
6.0270447 0 0 0
6.0586706 0 0 0
6.0903525 0 0 0
6.1267709 0 0 0
6.161146 0 0 0
6.1950071 0 0 0
6.2253937 0 0 0
6.2608252 0 0 0
6.2930207 0 0 0
6.3285454 0 0 0
6.360961 0 0 0
6.3972415 0 0 0
6.4291807 0 0 0
6.5321716 0 0 0
6.5460853 0 0 0
6.5659146 0 0 0
6.596972 0 0 0
6.6348473 0 0 0
6.6642123 0 0 0
6.6967578 0 0 0
6.729205 0 0 0
6.7626525 0 0 0
6.7962387 0 0 0
6.8253452 0 0 0
6.8603655 0.01884742 0.7845137 0.7114047
6.8951408 0.01997521 0.7821292 0.7057533
6.9301744 0.02314004 0.7768831 0.6896334
6.9629875 0.02995179 0.7685674 0.6604087
6.995102 0.03826802 0.7610729 0.6224341
7.0326147 0.04436535 0.7542529 0.5907118
7.0725254 0.04875239 0.7501391 0.5623453
7.0969667 0.05231071 0.747912 0.5403485
7.1343671 0.05438815 0.746025 0.5263116
7.1670458 0.05576681 0.7447784 0.5175313
7.200105 0.05684441 0.7441093 0.5111175
7.2924447 0.05813191 0.7441801 0.5063205
7.3271572 0.05936919 0.7441342 0.5034376
7.3619273 0.06140722 0.7443423 0.5034262
7.3928757 0.06536376 0.7457857 0.5086688
7.4378179 0.07263522 0.751037 0.5235099
7.4596304 0.07970548 0.7612882 0.5441514
7.4933094 0.08676916 0.7803556 0.5726043
7.5287626 0.09144903 0.8012379 0.5941361
7.5609305 0.09510594 0.8285865 0.6166208
7.5969372 0.1011949 0.8560694 0.6363158
7.6304724 0.1067771 0.8784865 0.6490258
7.6649226 0.108771 0.91984 0.6444163
7.6968471 0.1091008 0.9478658 0.6406071
7.7293571 0.1076194 0.9693257 0.6378801
7.7672558 0.102022 0.9893439 0.6355577
7.7976044 0.09272657 1.008085 0.6351441
7.8334033 0.07061277 1.033447 0.6375326
7.8642971 0.03779823 1.061183 0.6446552
7.8962837 0.004704565 1.080425 0.6510665
7.9284192 -0.03835227 1.09466 0.6524627
7.9601023 -0.08430832 1.108033 0.6585084
7.9908334 -0.1256982 1.116194 0.6586243
8.0226342 -0.1576423 1.119041 0.6545887
8.0587504 -0.1892777 1.121327 0.6544192
8.0922141 -0.209659 1.121917 0.6529377
8.1251982 -0.2265165 1.121117 0.6499516
8.1590059 -0.2420709 1.12065 0.6488968
8.1910494 -0.2635467 1.122517 0.6531301
8.2267606 -0.2759454 1.123631 0.6550252
8.25874 -0.2836556 1.124176 0.6556466
8.2915305 -0.2888467 1.124571 0.6560307
8.3291752 -0.292469 1.124869 0.6562916
8.3603771 -0.2940408 1.125165 0.6563718
8.3918394 -0.2867531 1.125829 0.6543665
8.4272014 -0.2574665 1.127062 0.6437777
8.4640749 -0.2258561 1.133214 0.6405581
8.5270161 -0.1489649 1.161197 0.6506536
8.5649902 -0.07483197 1.18718 0.653749
8.5951211 -0.01808656 1.203879 0.6478319
8.6274723 0.03266831 1.211702 0.6295019
8.662429 0.08180571 1.212946 0.6019882
8.6960309 0.1282232 1.208735 0.5678328
8.7309441 0.1594517 1.204353 0.5378201
8.7624779 0.1814242 1.199488 0.5099155
8.7947299 0.1961199 1.196705 0.4893374
8.8284891 0.2053962 1.194659 0.4737985
8.8645685 0.2107198 1.192581 0.4597585
8.8949018 0.2134262 1.190426 0.4467089
8.9654321 0.2137702 1.186884 0.4297736
8.9980456 0.2153254 1.185151 0.4211992
9.035437 0.2164454 1.184059 0.4156436
9.0647707 0.2158135 1.183258 0.4111354
9.1342818 0.2147516 1.182792 0.4083241
9.1699725 0.2129023 1.183218 0.4074219
9.2021542 0.2080291 1.189159 0.4128534
9.2316803 0.185464 1.205425 0.4310925
9.2816208 0.1797923 1.254849 0.4535275
9.2997877 0.1695585 1.301069 0.4715447
9.3360658 0.1533791 1.357808 0.4871193
9.405189 0.1159775 1.420176 0.5021801
9.4371131 0.08805533 1.468534 0.5116822
9.46702 0.06351299 1.505975 0.5201445
9.5169309 0.05101431 1.524943 0.5245934
9.5356063 0.03775059 1.542719 0.5285437
9.5686247 0.02773535 1.554254 0.5312032
9.599404 0.01848712 1.56205 0.5331111
9.6332995 0.01089456 1.566335 0.5344938
9.7001479 0.002192772 1.567258 0.5364735
9.7318219 -0.00473138 1.566204 0.5382117
9.762666 -0.01046142 1.563328 0.5397859
9.7947667 -0.01484041 1.559738 0.5410558
9.830771 -0.01792813 1.556258 0.5419456
9.868241 -0.02023397 1.553289 0.5425453
9.8950554 -0.02190476 1.550941 0.5429205
9.9266386 -0.0243498 1.569824 0.5514081
9.9999482 -0.02668356 1.591825 0.5601481
10.0329426 -0.02878166 1.607804 0.5658444
10.0587097 -0.03075776 1.622612 0.5704007
10.0949704 -0.03257579 1.633666 0.5731273
10.166027 -0.03435595 1.64359 0.5749139
10.1981755 -0.03607469 1.65145 0.575655
10.2340443 -0.03744598 1.657268 0.5758381
10.2641777 -0.03844225 1.661223 0.5758194
10.2957344 -0.03943518 1.663227 0.575563
10.3658511 -0.03938089 1.561741 0.596367
10.3988103 -0.03443935 1.511845 0.625162
10.4292928 -0.02054593 1.431495 0.6744176
10.4615753 -0.002636877 1.324769 0.732825
10.4974382 0.01158933 1.149822 0.7665228
10.5292205 -0.005740618 0.8871969 0.6982648
10.5648993 -0.03612126 0.7408842 0.5753161
10.5970992 -0.07113972 0.6899568 0.4586282
10.6466439 -0.1048664 0.6768801 0.3707829
10.6663492 -0.1378227 0.680609 0.3113858
10.6979485 -0.1632233 0.7054514 0.2730153
10.7336684 -0.179168 0.7704918 0.2450447
10.7667501 -0.1882748 0.796567 0.2275987
10.8037081 -0.1901328 0.8222383 0.2235918
10.8296289 -0.1885456 0.8320735 0.2276218
10.8615716 -0.1908512 0.8451043 0.2242064
10.9015759 -0.1801291 0.7970049 0.2406547
10.9400889 -0.1732595 0.7718133 0.2532947
10.9618671 -0.1657517 0.7478251 0.2674774
10.9934661 -0.1530955 0.7134259 0.2903404
11.0250038 -0.1402292 0.7012985 0.312869
11.0573286 -0.1280635 0.7029773 0.3310024
11.1319553 -0.08925473 0.7266091 0.3642489
11.157148 -0.06041772 0.7519069 0.3850377
11.1892234 -0.03185521 0.7817338 0.4027135
11.2252281 -0.01426524 0.8004722 0.4131678
11.2571072 0.00371727 0.8225754 0.4237231
11.2934675 0.02037544 0.8401492 0.4359593
11.3252435 0.03261708 0.8548241 0.4491854
11.3612798 0.04012462 0.8690468 0.464831
11.3947491 0.04393745 0.8820465 0.4863186
11.4248927 0.04088153 0.8944563 0.5159694
11.4961029 0.02908425 0.9064336 0.5770106
11.5329301 0.01374702 0.9108766 0.6199316
11.5633285 -0.01009211 0.9126488 0.6587956
11.5960416 -0.02890781 0.9122662 0.6799095
11.6402423 -0.06567681 0.9091823 0.7002151
11.6618012 -0.1103297 0.9041365 0.7129012
11.6980027 -0.1391944 0.9003246 0.7166154
11.7362063 -0.1848964 0.8939333 0.7123978
11.7650774 -0.2208481 0.8879735 0.7066503
11.7975037 -0.2677715 0.8790275 0.6905385
11.8287756 -0.3083025 0.8714026 0.6741405
11.8624439 -0.3456382 0.859278 0.6627866
11.8936617 -0.3697364 0.8533768 0.6499354
11.9300069 -0.389148 0.8482783 0.6365484
11.9618588 -0.4071346 0.8377223 0.6280733
11.9949274 -0.4140597 0.8376234 0.613964
12.0259259 -0.4206472 0.8332201 0.6095475
12.0574526 -0.4254673 0.8297873 0.6059628
12.0966712 -0.4287143 0.8273097 0.603354
12.1404167 -0.4307338 0.8254603 0.6015216
12.1621479 -0.4316402 0.824107 0.6004019
12.1934766 -0.431782 0.8232706 0.5998745
12.2290567 -0.4308669 0.8226624 0.5999838
12.2613202 -0.4294785 0.8224633 0.6004109
12.2932159 -0.4279401 0.8236982 0.6010084
12.3304923 -0.4261486 0.8257533 0.6013441
12.3611558 -0.413752 0.8507984 0.6004564
12.3968069 -0.3714705 0.9000804 0.605945
12.4290266 -0.3240454 0.94118 0.6164911
12.4671034 -0.2503716 0.9843973 0.6257963
12.4970586 -0.1666731 1.015791 0.6409109
12.5328938 -0.08727021 1.035214 0.6619462
12.565004 0.02013037 1.053091 0.6659863
12.6052659 0.1403248 1.077197 0.6219307
12.6295567 0.2313039 1.098325 0.5535142
12.6610759 0.2423896 1.146918 0.4676735
12.69316 0.238287 1.185806 0.4019428
12.7252149 0.2365946 1.213029 0.3572977
12.7624151 0.2256324 1.232941 0.3222055
12.7932876 0.220097 1.245553 0.2996522
12.8658884 0.2178166 1.261614 0.268925
12.8991048 0.2124315 1.266266 0.2591208
12.9297102 0.20796 1.267751 0.2546018
12.9616174 0.2050108 1.267039 0.2536395
12.9995346 0.2033149 1.265559 0.254142
13.0291599 0.2029829 1.264181 0.2536671
13.0614724 0.2034194 1.262663 0.2528934
13.1305038 0.2046122 1.261294 0.2514154
13.165965 0.205783 1.26029 0.2499391
13.1995673 0.2069944 1.259595 0.2484467
13.2301474 0.2081268 1.259256 0.246873
13.2662821 0.2090886 1.25921 0.2452946
13.2971416 0.2098769 1.259392 0.2438918
13.3458396 0.210492 1.259706 0.2427325
13.3655501 0.2109661 1.260139 0.2418153
13.402081 0.211341 1.260767 0.2411305
13.4330021 0.2116339 1.262159 0.2408886
13.4656887 0.2116801 1.264725 0.2418153
13.5020189 0.2108041 1.270078 0.2463894
13.5333774 0.2096283 1.278447 0.2553726
13.5649416 0.2094444 1.292845 0.2712506
13.5978087 0.2088319 1.318288 0.2960207
13.6763995 0.2086225 1.374952 0.3276714
13.6973536 0.2034912 1.419352 0.3522991
13.7293765 0.1929336 1.450323 0.3728228
13.76266 0.1603698 1.470492 0.4023695
13.8054732 0.1236583 1.479643 0.4284937
13.8303281 0.08350118 1.483262 0.4560807
13.8613365 0.04571883 1.483576 0.4824539
13.8973334 0.01668568 1.481163 0.5019342
13.9298307 -0.009346107 1.475906 0.5195237
13.9613171 -0.03369424 1.469916 0.5354323
13.9970528 -0.05391947 1.466019 0.5499332
14.0293898 -0.07848392 1.46112 0.5679291
14.0612788 -0.09896617 1.455861 0.5835574
14.0933499 -0.1217773 1.448605 0.6013421
14.125261 -0.1454047 1.43646 0.6192142
14.1581103 -0.1649309 1.427213 0.6340423
14.1896015 -0.1833109 1.41864 0.6480751
14.2269301 -0.1987709 1.413179 0.6627623
14.2579211 -0.2219319 1.416469 0.6844745
14.3258404 -0.2670707 1.403109 0.708032
14.3939068 -0.3181945 1.389311 0.7261314
14.4265088 -0.3469081 1.381387 0.7323203
14.4679232 -0.3686132 1.373687 0.7338305
14.505234 -0.3869379 1.363601 0.7293464
14.5279863 -0.4007673 1.354461 0.7223812
14.5626115 -0.4067126 1.340402 0.7119676
14.5937929 -0.4190047 1.319917 0.6921725
14.6404347 -0.4479832 1.313508 0.6802065
14.6620924 -0.4598374 1.309582 0.6745635
14.6986853 -0.4702557 1.307187 0.6696167
14.7293472 -0.4776511 1.305815 0.6661936
14.7610731 -0.4827975 1.305019 0.6639026
14.7969533 -0.48764 1.304673 0.66208
14.8349022 -0.4924392 1.304678 0.6605154
14.8661942 -0.4994928 1.305052 0.6578809
14.9346094 -0.5112681 1.305327 0.6524833
14.9671459 -0.5196934 1.30399 0.6468389
14.9968328 -0.5258838 1.302187 0.6415389
15.0331322 -0.530917 1.301382 0.6375495
15.1354737 -0.530917 1.301382 0.6375495
15.1427361 -0.5343607 1.302423 0.6324872
15.1692325 -0.534094 1.303056 0.6327231
15.2014016 -0.533963 1.303246 0.6327937
15.2363377 -0.5335843 1.303627 0.6329342
15.2690618 -0.5324501 1.304552 0.6334064
15.333744 -0.529685 1.30631 0.6342771
15.4361642 -0.529685 1.30631 0.6342771
15.4437241 -0.5121913 1.314829 0.6359869
15.4674649 -0.5019432 1.310518 0.6327759
15.5051281 -0.4986157 1.309359 0.6316319
15.5342386 -0.495359 1.308499 0.6303868
15.5668399 -0.4921677 1.308672 0.6286736
15.6014346 -0.4889168 1.31211 0.6257616
15.6358883 -0.4857845 1.319984 0.6205194
15.669047 -0.4836384 1.331435 0.6130219
15.7012023 -0.4804591 1.346527 0.6053758
15.7330893 -0.4535893 1.349339 0.5913767
15.7670294 -0.4670833 1.384954 0.5841122
15.7968716 -0.4719191 1.417626 0.5762511
15.8332615 -0.4737346 1.433847 0.571798
15.8656779 -0.474223 1.44323 0.5686495
15.8993023 -0.4743635 1.449392 0.5663257
15.928849 -0.4732763 1.452767 0.563237
15.9612982 -0.4708968 1.452875 0.5590872
15.9930426 -0.4672222 1.450637 0.5534858
16.025146 -0.4630809 1.447233 0.5470864
16.0614554 -0.4567519 1.441045 0.5365646
16.1056955 -0.4509166 1.434813 0.5252626
16.1266397 -0.4456494 1.428941 0.5140928
16.1621818 -0.441442 1.424835 0.5038806
16.1932226 -0.4382008 1.421762 0.4941875
16.240314 -0.4355465 1.419614 0.4837192
16.2688054 -0.3843948 1.419047 0.4860135
16.2982391 -0.3591151 1.417176 0.4861642
16.3307179 -0.3449213 1.415429 0.4852207
16.3692352 -0.2974571 1.392772 0.4837843
16.4294442 -0.2767211 1.381368 0.4806889
16.4651083 -0.2655133 1.374033 0.4768203
16.4970767 -0.2599921 1.368893 0.4725407
16.5306317 -0.2599575 1.364762 0.4662206
16.5653635 -0.2591005 1.351285 0.4410119
16.5968132 -0.2574604 1.348096 0.4341811
16.6332252 -0.2559509 1.346229 0.4300754
16.6668066 -0.2549703 1.346344 0.4276341
16.7021425 -0.2545907 1.347863 0.4267058
16.7340023 -0.2539097 1.347131 0.4254255
16.7667556 -0.2543628 1.350422 0.4259598
16.7990397 -0.254606 1.352078 0.4259735
16.829745 -0.2551632 1.354244 0.4262064
16.8651185 -0.2556996 1.355957 0.426365
16.8972283 -0.2559263 1.357037 0.4263436
16.9401726 -0.2560284 1.357763 0.4262801
16.9611927 -0.2539842 1.355172 0.421267
16.9932519 -0.2537683 1.355255 0.4206372
17.0717357 -0.252139 1.355338 0.4258149
17.0976584 -0.2488393 1.355468 0.4426625
17.1661735 -0.2331928 1.352241 0.5150784
17.2012744 -0.2136253 1.348174 0.595176
17.2294043 -0.1915268 1.350672 0.6819547
17.2649994 -0.1683286 1.355559 0.7709634
17.2971969 -0.1431654 1.359544 0.8539727
17.3347337 -0.1142201 1.360535 0.9166603
17.4042147 -0.07679863 1.362473 0.9810296
17.4340928 -0.06830953 1.367518 0.9855611
17.4650676 -0.06588741 1.370853 0.9887106
17.4982208 -0.06904145 1.368182 0.9791415
17.5291399 -0.07063303 1.369658 0.9803933
17.564955 -0.07652584 1.369756 0.9748993
17.596795 -0.08409416 1.36681 0.9663934
17.6343389 -0.08926764 1.364529 0.9621395
17.6649577 -0.09311857 1.36279 0.9601209
17.7391669 -0.09636056 1.361297 0.9594769
17.7987335 -0.09915622 1.360013 0.9597973
17.8302211 -0.1014692 1.358979 0.9607956
17.8677116 -0.1033165 1.358184 0.9621102
17.9299263 -0.1048822 1.357648 0.9638638
17.9655111 -0.1061414 1.357342 0.9656917
18.0017371 -0.107157 1.357252 0.9674687
18.0351656 -0.1079796 1.357309 0.9690505
18.0649951 -0.108708 1.357468 0.9703943
18.1014249 -0.1093377 1.357695 0.9715062
18.1373309 -0.1099017 1.357963 0.9723958
18.1710399 -0.1104066 1.358232 0.9730724
18.2050832 -0.1108611 1.358526 0.9736192
18.2370693 -0.111254 1.35879 0.9739609
18.2689457 -0.1116323 1.359062 0.9741302
18.3081745 -0.1121134 1.359522 0.9737921
18.3331404 -0.1131087 1.36053 0.9719501
18.3692632 -0.1171159 1.362615 0.9611927
18.4013679 -0.1237963 1.365447 0.9459229
18.4346827 -0.1330669 1.372179 0.9382653
18.465309 -0.1496722 1.376454 0.8944105
18.4970929 -0.1642269 1.379989 0.8422954
18.5290957 -0.1744004 1.382015 0.7927696
18.562745 -0.1806901 1.381818 0.744727
18.609209 -0.1807706 1.377392 0.6927732
18.6296369 -0.1782461 1.370647 0.6540165
18.6612343 -0.1716613 1.360088 0.6172684
18.6973571 -0.165711 1.350656 0.5880467
18.7318701 -0.1597212 1.343143 0.5654849
18.7650213 -0.1471958 1.321777 0.5255294
18.7971825 -0.1410067 1.311301 0.5049452
18.8331943 -0.135125 1.300171 0.4826273
18.8673166 -0.131323 1.292037 0.4641711
18.9071273 -0.1298747 1.28545 0.4460384
18.9352842 -0.1306084 1.280866 0.4310266
18.965997 -0.1327913 1.277598 0.4176804
18.9996622 -0.1403738 1.267407 0.3996022
19.0295913 -0.1547988 1.247698 0.3768214
19.0619117 -0.1610913 1.239349 0.3672782
19.0936952 -0.1651594 1.234257 0.3617837
19.130537 -0.1684368 1.231077 0.3591387
19.1674851 -0.1720136 1.229647 0.3610463
19.2381929 -0.187303 1.230887 0.3881078
19.261528 -0.2104404 1.266381 0.4697526
19.2933257 -0.2601782 1.294331 0.5742019
19.3292953 -0.281892 1.309515 0.6234678
19.3647947 -0.196278 1.324028 0.5361135
19.396814 -0.1904506 1.285936 0.5357425
19.4297665 -0.1673661 1.281468 0.552274
19.4649017 -0.145595 1.282631 0.5883069
19.5094738 -0.1320203 1.304396 0.6579745
19.5343235 -0.1211974 1.336545 0.7503102
19.6023824 -0.0964193 1.369731 0.8927224
19.6347968 -0.07237025 1.383164 0.9806862
19.6662753 -0.03029758 1.40211 1.098908
19.6984688 -0.01642814 1.409018 1.140342
19.7310907 -0.0542588 1.405466 1.060059
19.8007341 -0.06948167 1.39785 1.078329
19.8333338 -0.07999552 1.394903 1.073812
19.8684698 -0.111395 1.383055 1.004754
19.8988453 -0.1301235 1.372239 0.9639318
19.9329896 -0.1341244 1.365207 0.9569802
19.9649319 -0.1384755 1.36131 0.9477737
20.0090129 -0.1301952 1.355162 0.9558083
20.0340646 -0.1077441 1.344697 0.9754219
20.0691693 -0.07807703 1.327779 0.9736454
20.1027116 -0.03646424 1.306461 0.9719563
20.1328861 0.00443341 1.27837 0.9465443
20.1650069 0.0377566 1.246397 0.908489
20.2016023 0.06437508 1.205795 0.8722498
20.2339677 0.08253446 1.158902 0.828323
20.3024026 0.1020909 1.049445 0.7490507
20.3658381 0.09852299 0.9100329 0.6231034
20.3975192 0.07470681 0.8151778 0.5172617
20.4333565 0.03815784 0.7745469 0.4423674
20.4650957 0.002963847 0.7503422 0.3789929
20.4970586 -0.03028124 0.7377583 0.3273507
20.533531 -0.06107372 0.728897 0.2843168
20.5691024 -0.08117072 0.7339914 0.2594221
20.6136072 -0.09867335 0.7461146 0.2423457
20.6338395 -0.107342 0.7543899 0.2352785
20.6973492 -0.1094011 0.7720282 0.2357371
20.7345419 -0.1044993 0.7801375 0.2431122
20.7652311 -0.08492518 0.7721432 0.2671353
20.7973144 -0.06173223 0.7596812 0.2957422
20.8332208 -0.03708284 0.7493706 0.3323698
20.870628 -0.01275099 0.744002 0.3741242
20.901007 0.009351795 0.7512445 0.4180515
20.9328126 0.02791614 0.764044 0.4602109
20.965282 0.04254141 0.7798535 0.5020617
20.9985157 0.05080312 0.8025801 0.5400338
21.0330801 0.05726818 0.8241016 0.5820004
21.0648829 0.06188399 0.8441277 0.6220411
21.096975 0.06361903 0.8715593 0.6619023
21.1293562 0.06437059 0.8995701 0.7058362
21.162936 0.06152521 0.9343163 0.7475431
21.1980866 0.05569815 0.9711907 0.7871976
21.2293514 0.04548183 1.007948 0.8267614
21.2650646 0.03313915 1.044281 0.8673551
21.2970646 0.01702133 1.079438 0.9087303
21.32911 -0.0009996612 1.114873 0.9071279
21.3665697 -0.02279051 1.1523 0.9047012
21.397744 -0.06363958 1.191669 0.9202869
21.430051 -0.1142509 1.227182 0.9297988
21.4657578 -0.1719774 1.255798 0.9309537
21.5021746 -0.2327614 1.278753 0.9197431
21.5664436 -0.3038389 1.288542 0.8794483
21.6139284 -0.3413129 1.279332 0.8397348
21.6331517 -0.3788595 1.266787 0.7979624
21.6650478 -0.3883268 1.251133 0.7689922
21.7387185 -0.4000127 1.219987 0.7194349
21.7740445 -0.3950193 1.200392 0.6957459
21.8021772 -0.3887161 1.188473 0.6840454
21.8373409 -0.3813144 1.178845 0.6794558
21.8705968 -0.3734146 1.17104 0.6810716
21.9051208 -0.3639924 1.164437 0.6917776
21.9374246 -0.3511089 1.160991 0.7188501
21.9693827 -0.3305351 1.166414 0.7671987
22.0087063 -0.3121327 1.1786 0.8154361
22.0335857 -0.2996301 1.194794 0.8657933
22.0693436 -0.2837464 1.215183 0.9210014
22.101722 -0.2503289 1.240556 0.9753224
22.1344059 -0.2000861 1.266114 1.026191
22.1652756 -0.139356 1.289903 1.06488
22.1974363 -0.06736259 1.316032 1.096638
22.2300238 -0.0265844 1.345588 1.119852
22.261795 0.01919255 1.374193 1.122996
22.2976437 0.05942082 1.39381 1.115323
22.3322491 0.08522165 1.407377 1.117771
22.3633843 0.1005339 1.415476 1.115114
22.3984302 0.1119186 1.421002 1.109836
22.4742264 0.1197989 1.426126 1.105995
22.4990141 0.1093645 1.450176 1.089301
22.5338601 0.09941725 1.470578 1.07681
22.568633 0.08850169 1.489068 1.064411
22.599231 0.08177709 1.501734 1.056236
22.6353961 0.07749239 1.509363 1.052447
22.6673214 0.07128122 1.513168 1.055367
22.7031242 0.06773782 1.49671 1.094114
22.7351519 0.08257065 1.44374 1.160393
22.7701887 0.09136124 1.383079 1.222792
22.8141144 0.04783826 1.262849 1.147341
22.8340157 0.02012409 1.181277 1.114501
22.8783068 -0.006877118 1.125321 1.084049
22.9042817 -0.04242425 1.078001 1.045058
22.966112 -0.04678118 1.071494 1.076815
22.9979587 -0.07093882 1.02984 1.09063
23.0299603 -0.1053542 0.9815186 1.122496
23.0636827 -0.1466215 0.9292813 1.151394
23.0991798 -0.2047538 0.8560191 1.170302
23.1301427 -0.2415286 0.8258841 1.163818
23.2044076 -0.2972635 0.8159922 1.133872
23.2414956 -0.3164123 0.823189 1.120069
23.2709909 -0.3252241 0.8401434 1.116879
23.2991837 -0.3300003 0.8561049 1.123129
23.335143 -0.2486816 0.9232098 1.1533
23.3659206 -0.2335111 0.9169183 1.162947
23.399182 -0.1311726 0.9112891 1.113924
23.4342635 -0.0790394 0.8899308 1.043922
23.466301 -0.05537757 0.8960931 1.036481
23.5042585 -0.0371659 0.8482394 1.120706
23.5347036 -0.02949614 0.8734229 1.117145
23.5660568 -0.02850289 0.8945066 1.148928
23.6026226 -0.02825588 0.90746 1.160908
23.6398271 -0.02724125 0.9841766 1.165075
23.6696811 -0.02674147 1.050578 1.162012
23.7008507 0.007453895 0.969474 1.176275
23.7324011 0.02496266 0.9244928 1.175464
23.7659185 0.05928653 0.9889116 1.178783
23.806056 0.05236326 1.107965 1.18244
23.8958448 0.01813876 1.325819 1.18262
23.9291978 0.003170542 1.23631 1.359765
23.9634189 -0.2145522 1.235727 1.423591
23.9954659 -0.03269463 1.198162 1.391614
24.0273011 -0.2380552 1.196147 1.459476
24.0644772 -0.2828827 1.180542 1.46691
24.103642 -0.2932922 1.17606 1.458268
24.127111 -0.2153657 1.163414 1.641453
24.163228 -0.2618935 1.182833 1.473687
24.1950399 -0.268127 1.126766 1.445633
24.2310407 -0.2735302 1.110898 1.413488
24.2639864 -0.2735302 1.110898 1.413488
24.2936133 -0.2735302 1.110898 1.413488
24.3297318 -0.2735302 1.110898 1.413488
24.3618622 -0.2735302 1.110898 1.413488
24.3979854 -0.2735302 1.110898 1.413488
24.4303137 -0.2735302 1.110898 1.413488
24.4663291 -0.2735302 1.110898 1.413488
24.4988134 -0.2735302 1.110898 1.413488
24.5308296 -0.2735302 1.110898 1.413488
24.5626846 -0.2735302 1.110898 1.413488
24.5950895 -0.2735302 1.110898 1.413488
24.6254405 -0.2735302 1.110898 1.413488
24.6575191 -0.2735302 1.110898 1.413488
24.6894263 -0.2735302 1.110898 1.413488
24.7280752 -0.2735302 1.110898 1.413488
24.7584131 -0.2735302 1.110898 1.413488
24.7933966 -0.2735302 1.110898 1.413488
24.8255206 -0.2735302 1.110898 1.413488
24.8982072 -0.2735302 1.110898 1.413488
24.9341875 -0.2735302 1.110898 1.413488
24.9643228 -0.2735302 1.110898 1.413488
24.9936276 -0.2735302 1.110898 1.413488
25.0295095 -0.2735302 1.110898 1.413488
25.061865 -0.2735302 1.110898 1.413488
25.0976011 -0.2735302 1.110898 1.413488
25.1310933 -0.2735302 1.110898 1.413488
25.1613653 -0.2735302 1.110898 1.413488
25.1974853 -0.2735302 1.110898 1.413488
25.2296659 -0.2735302 1.110898 1.413488
25.2654185 -0.2735302 1.110898 1.413488
25.2976271 -0.2735302 1.110898 1.413488
25.3349332 -0.2735302 1.110898 1.413488
25.3656666 -0.2735302 1.110898 1.413488
25.3973964 -0.2735302 1.110898 1.413488
25.4295161 -0.2735302 1.110898 1.413488
25.5352231 -0.2735302 1.110898 1.413488
25.5943512 -0.2735302 1.110898 1.413488
25.6262784 -0.2735302 1.110898 1.413488
25.666203 -0.2735302 1.110898 1.413488
25.6996054 -0.2735302 1.110898 1.413488
25.7268299 -0.2735302 1.110898 1.413488
25.7621346 -0.2735302 1.110898 1.413488
25.8339212 -0.2735302 1.110898 1.413488
25.8637851 -0.2735302 1.110898 1.413488
25.899791 -0.2735302 1.110898 1.413488
25.9333183 -0.2735302 1.110898 1.413488
25.9638119 -0.2735302 1.110898 1.413488
25.9997724 -0.2735302 1.110898 1.413488
26.0319206 -0.2735302 1.110898 1.413488
26.0652665 -0.2735302 1.110898 1.413488
26.098746 -0.2735302 1.110898 1.413488
26.1294376 -0.2735302 1.110898 1.413488
26.1973972 -0.2735302 1.110898 1.413488
26.265539 -0.2735302 1.110898 1.413488
26.2982221 -0.2735302 1.110898 1.413488
26.3350632 -0.2735302 1.110898 1.413488
26.4360701 -0.2735302 1.110898 1.413488
26.4695425 -0.2735302 1.110898 1.413488
26.5382034 -0.2735302 1.110898 1.413488
26.5701675 -0.2735302 1.110898 1.413488
26.6021623 -0.2735302 1.110898 1.413488
26.6380837 -0.2735302 1.110898 1.413488
26.66945 -0.2735302 1.110898 1.413488
26.7053346 -0.2735302 1.110898 1.413488
26.7377372 -0.2735302 1.110898 1.413488
26.7738549 -0.2735302 1.110898 1.413488
26.8059248 -0.2735302 1.110898 1.413488
26.8373693 -0.2735302 1.110898 1.413488
26.9050584 -0.2735302 1.110898 1.413488
27.0020176 -0.2735302 1.110898 1.413488
27.0343996 -0.2735302 1.110898 1.413488
27.0655217 -0.2735302 1.110898 1.413488
27.1032347 -0.2735302 1.110898 1.413488
27.1335577 -0.2735302 1.110898 1.413488
27.1655782 -0.2735302 1.110898 1.413488
27.1973818 -0.2735302 1.110898 1.413488
27.2990592 -0.2735302 1.110898 1.413488
27.3298677 -0.2735302 1.110898 1.413488
27.4297211 -0.2735302 1.110898 1.413488
27.4614955 -0.2735302 1.110898 1.413488
27.4977349 -0.2735302 1.110898 1.413488
27.5318125 -0.2735302 1.110898 1.413488
27.5633997 -0.2735302 1.110898 1.413488
27.6659122 -0.2735302 1.110898 1.413488
27.701531 -0.2735302 1.110898 1.413488
27.7304937 -0.2735302 1.110898 1.413488
27.8314082 -0.2735302 1.110898 1.413488
27.8634379 -0.2735302 1.110898 1.413488
27.9000036 -0.2735302 1.110898 1.413488
27.9360601 -0.2735302 1.110898 1.413488
27.9611931 -0.2735302 1.110898 1.413488
28.0333376 -0.2735302 1.110898 1.413488
28.098057 -0.2735302 1.110898 1.413488
